-333268.219097 4463440.26383 -330345.463116 4467340.04938
-339219.580055 4473579.63507 -333268.314049 4478064.3813
-339219.863151 4444746.70866 -333268.233075 4460120.52883
-339219.436151 4461327.64275 -333269.115442 4463980.91161
-333268.152344 4460071.48146 -330345.793794 4463440.17984
-339218.276184 4463980.92404 -333268.248281 4473579.61595
-339007.600402 4460120.5348 -333268.22604 4461327.56295
-333267.568551 4444728.1292 -330345.3586 4460071.47499
-330344.966121 4444725.30904 -327971.156419 4459969.60376
-333262.607603 4467340.07525 -330345.438744 4470915.98877
-330345.321418 4459969.60493 -327971.14989 4466402.1539
-333268.196989 4470915.99832 -330345.353493 4478069.85024
-330345.338627 4471458.63661 -327971.193436 4473131.45387
-330345.330977 4473131.46155 -327971.167336 4478069.84171
-327971.145841 4445103.14495 -326785.046463 4471918.14151
-330345.110343 4466402.42913 -327971.181971 4471458.62044
-327971.145441 4471918.18302 -326785.12632 4473792.07196
-327971.112796 4473792.07217 -326785.045404 4475520.05648
-327858.774328 4475520.06992 -326785.649627 4475661.91343
-327971.142079 4475661.91345 -326785.136545 4478069.58684
-326784.999712 4445336.80621 -323468.646848 4463918.6104
-326785.028435 4463918.80482 -323468.983674 4471852.81119
-326785.04123 4471852.84171 -323469.087883 4472969.54527
-326785.043482 4472969.54646 -323468.566579 4474638.86802
-323468.496901 4444728.08814 -309375.804031 4458957.87137
-326785.000117 4474638.87313 -323469.021053 4478069.99479
-323468.444682 4469820.72778 -309733.7381 4474002.95661
-323468.418952 4458958.07352 -309375.592867 4463596.86519
-323468.467105 4474003.12504 -309375.119286 4478069.55408
-323468.247313 4463596.88709 -309375.253661 4469820.65882
